a <- 4
2+4



